5481.000000
6934.000000
5337.000000
5483.000000
5386.000000
5252.000000
6444.000000
5438.000000
5724.000000
5600.000000
5277.000000
7947.000000
5295.000000
5502.000000
5886.000000
5557.000000
5354.000000
5430.000000
5228.000000
5686.000000
5791.000000
5651.000000
5413.000000
5618.000000
5640.000000
5497.000000
5456.000000
5356.000000
5554.000000
7808.000000
5546.000000
5471.000000
5236.000000
5458.000000
5345.000000
7082.000000
5317.000000
5358.000000
5402.000000
5239.000000
5720.000000
5513.000000
5215.000000
5439.000000
5338.000000
5454.000000
5311.000000
5195.000000
5248.000000
5530.000000
6063.000000
5393.000000
5284.000000
5509.000000
5622.000000
5332.000000
5559.000000
5289.000000
5391.000000
5365.000000
7053.000000
5505.000000
6215.000000
5725.000000
7733.000000
5429.000000
6004.000000
5479.000000
5543.000000
5829.000000
5425.000000
5471.000000
5425.000000
5280.000000
5556.000000
5332.000000
5318.000000
5389.000000
5572.000000
5483.000000
5500.000000
5280.000000
5449.000000
5512.000000
5317.000000
5436.000000
5373.000000
5462.000000
5790.000000
5643.000000
5306.000000
5798.000000
5710.000000
5391.000000
5493.000000
5445.000000
5274.000000
5523.000000
5640.000000
7625.000000
5296.000000
6319.000000
5214.000000
5643.000000
5312.000000
5243.000000
5269.000000
5262.000000
5826.000000
5361.000000
6539.000000
5845.000000
5414.000000
5807.000000
7322.000000
5343.000000
5377.000000
5257.000000
5498.000000
5974.000000
5248.000000
5559.000000
5751.000000
5305.000000
5500.000000
5344.000000
5279.000000
5639.000000
5797.000000
5531.000000
5531.000000
5554.000000
7954.000000
5392.000000
5848.000000
5557.000000
5223.000000
5257.000000
9114.000000
5460.000000
5580.000000
5341.000000
5258.000000
5585.000000
5413.000000
5495.000000
5590.000000
5437.000000
5332.000000
5652.000000
5437.000000
5214.000000
5248.000000
5343.000000
5231.000000
5448.000000
5592.000000
5349.000000
5362.000000
5303.000000
5436.000000
5281.000000
5210.000000
5249.000000
5490.000000
5557.000000
5625.000000
7932.000000
5387.000000
5610.000000
5370.000000
5456.000000
6632.000000
5334.000000
5330.000000
5799.000000
5432.000000
5581.000000
5379.000000
5294.000000
5527.000000
6598.000000
5508.000000
5333.000000
5595.000000
7809.000000
5450.000000
5488.000000
5415.000000
5279.000000
5266.000000
5325.000000
5657.000000
5569.000000
5552.000000
5257.000000
5438.000000
5464.000000
5823.000000
5351.000000
