51
37
48
39
39
49
57
53
57
53
65
51
56
50
57
47
56
47
53
54
63
47
44
57
43
62
55
44
65
37
35
44
29
37
55
40
32
39
43
52
55
53
35
42
52
35
77
46
45
39
50
42
50
55
54
40
42
35
30
60
37
41
52
44
48
26
52
39
37
36
86
38
44
27
29
35
40
43
38
39
42
37
34
56
40
31
35
39
34
34
39
37
36
40
42
87
42
48
87
50
41
44
35
43
45
40
44
45
37
48
44
61
31
47
26
46
35
36
44
39
55
43
41
47
32
34
34
43
38
40
50
42
37
36
35
48
41
38
39
38
38
53
55
38
36
69
42
38
44
62
86
37
86
60
86
60
46
34
60
88
62
44
58
39
88
37
40
43
56
31
61
42
53
52
56
37
54
54
34
30
30
43
69
88
50
90
38
64
38
38
38
57
69
38
64
50
64
83
38
69
