375.000000
311.000000
296.000000
324.000000
305.000000
330.000000
314.000000
321.000000
283.000000
279.000000
277.000000
316.000000
330.000000
300.000000
334.000000
390.000000
322.000000
285.000000
495.000000
286.000000
295.000000
274.000000
301.000000
312.000000
394.000000
341.000000
316.000000
319.000000
322.000000
335.000000
371.000000
283.000000
367.000000
361.000000
360.000000
278.000000
262.000000
278.000000
344.000000
295.000000
276.000000
398.000000
286.000000
286.000000
309.000000
281.000000
285.000000
324.000000
266.000000
289.000000
351.000000
309.000000
277.000000
291.000000
277.000000
335.000000
282.000000
596.000000
293.000000
260.000000
283.000000
288.000000
279.000000
299.000000
262.000000
307.000000
346.000000
278.000000
394.000000
261.000000
277.000000
280.000000
279.000000
329.000000
279.000000
280.000000
290.000000
358.000000
308.000000
262.000000
291.000000
276.000000
313.000000
438.000000
307.000000
292.000000
289.000000
280.000000
318.000000
283.000000
313.000000
308.000000
298.000000
275.000000
287.000000
260.000000
285.000000
352.000000
288.000000
304.000000
