499422
499200
498554
498372
498069
499347
499004
497789
498275
499422
498720
498554
498720
498972
498015
498372
498834
499409
498797
499380
499149
496872
498834
498510
497960
499094
499364
499364
497085
497609
498939
498797
498680
499380
499329
497609
497730
497960
495672
497085
499247
497015
498939
499455
498639
498639
499347
499310
498015
498639
499149
498759
498680
499490
499004
499149
499094
499499
498554
498797
498759
499499
499035
499004
497960
497609
498639
496097
498834
497670
498372
499035
499094
494144
499094
499035
498972
499065
498797
499122
497847
499364
499409
498225
498939
497730
496419
495035
499175
498597
498939
498510
499175
498510
498419
499094
499329
498720
499310
499310
