16656
16714
16409
15086
15750
16409
15779
14469
16134
17318
15761
16277
16021
16188
16375
17689
16354
15798
15952
16178
16037
18887
17518
15834
16354
16251
16247
15492
16573
16198
14224
16353
15109
15919
15988
16602
15588
15723
15041
15968
16821
15426
16231
15559
15248
15693
17114
15766
15409
15317
15501
15558
16341
15579
16606
15891
16870
16312
16232
17376
15342
17018
17287
15812
16866
16468
17763
15964
15086
17497
15746
15959
15730
16666
17297
15986
15498
14381
15993
15517
15871
15589
15608
13643
14591
15251
14079
15014
15312
14914
15995
14381
14978
14661
14612
13803
15279
16045
17596
16087
