460.000000
379.000000
322.000000
371.000000
322.000000
283.000000
280.000000
383.000000
272.000000
265.000000
318.000000
318.000000
310.000000
282.000000
287.000000
327.000000
333.000000
328.000000
277.000000
337.000000
313.000000
266.000000
291.000000
387.000000
405.000000
322.000000
410.000000
341.000000
331.000000
285.000000
478.000000
335.000000
306.000000
372.000000
273.000000
352.000000
298.000000
413.000000
282.000000
272.000000
404.000000
406.000000
365.000000
274.000000
276.000000
281.000000
304.000000
427.000000
343.000000
324.000000
352.000000
307.000000
275.000000
314.000000
323.000000
386.000000
272.000000
333.000000
282.000000
349.000000
286.000000
397.000000
281.000000
316.000000
334.000000
320.000000
309.000000
324.000000
271.000000
339.000000
526.000000
276.000000
334.000000
281.000000
308.000000
389.000000
286.000000
274.000000
301.000000
274.000000
318.000000
293.000000
288.000000
361.000000
307.000000
274.000000
326.000000
380.000000
290.000000
342.000000
392.000000
285.000000
293.000000
265.000000
511.000000
294.000000
297.000000
275.000000
274.000000
353.000000
