6208.000000
6399.000000
6441.000000
6349.000000
6255.000000
6241.000000
6231.000000
6405.000000
8167.000000
6408.000000
8039.000000
6377.000000
6513.000000
6581.000000
7068.000000
6756.000000
6736.000000
6715.000000
6798.000000
7243.000000
6218.000000
6102.000000
6244.000000
6116.000000
8590.000000
6235.000000
7208.000000
7049.000000
7272.000000
7282.000000
7258.000000
6302.000000
6146.000000
6221.000000
7124.000000
6731.000000
6658.000000
7581.000000
6241.000000
8495.000000
6289.000000
6312.000000
6549.000000
7321.000000
6371.000000
6159.000000
6258.000000
6179.000000
6419.000000
6178.000000
6153.000000
6502.000000
6176.000000
6408.000000
6280.000000
6422.000000
8949.000000
6234.000000
6195.000000
8547.000000
6193.000000
6259.000000
6423.000000
6556.000000
6466.000000
6419.000000
6561.000000
6170.000000
6501.000000
6360.000000
6215.000000
6357.000000
6813.000000
6244.000000
6414.000000
6200.000000
6314.000000
6539.000000
6614.000000
6405.000000
6190.000000
6262.000000
6355.000000
6369.000000
6258.000000
6597.000000
6351.000000
6724.000000
6384.000000
6847.000000
6501.000000
8692.000000
6237.000000
6390.000000
6237.000000
6324.000000
7345.000000
6733.000000
6303.000000
6159.000000
