2681
2684
2657
2708
2694
2750
2701
2799
2737
2710
2860
2778
2861
2702
2806
2780
2769
2716
2844
2800
2802
2834
2849
2704
2878
2704
2923
2848
2789
2791
2785
2737
2865
2712
2643
2655
2766
2760
2664
2809
2858
2857
2732
2719
2765
2768
2841
2822
2673
2803
2725
2601
2738
2548
2692
2610
2586
2542
2644
2641
2591
2633
2669
2642
2633
2563
2685
2728
2643
2646
2645
2705
2755
2670
2668
2891
2727
2829
2691
2800
2777
2746
2724
2799
2749
2733
2777
2785
2620
2673
2818
2671
2758
2668
2750
2709
2735
2717
2763
2763
