439.000000
302.000000
299.000000
353.000000
332.000000
521.000000
483.000000
549.000000
383.000000
344.000000
294.000000
290.000000
400.000000
341.000000
404.000000
293.000000
290.000000
355.000000
338.000000
304.000000
384.000000
297.000000
321.000000
412.000000
415.000000
308.000000
364.000000
280.000000
299.000000
406.000000
291.000000
350.000000
295.000000
343.000000
341.000000
291.000000
401.000000
413.000000
284.000000
345.000000
300.000000
387.000000
308.000000
403.000000
340.000000
278.000000
355.000000
335.000000
368.000000
308.000000
303.000000
326.000000
297.000000
320.000000
302.000000
354.000000
372.000000
334.000000
321.000000
323.000000
572.000000
427.000000
383.000000
279.000000
353.000000
303.000000
337.000000
297.000000
358.000000
339.000000
294.000000
281.000000
382.000000
297.000000
304.000000
373.000000
347.000000
294.000000
398.000000
303.000000
310.000000
403.000000
293.000000
274.000000
298.000000
302.000000
351.000000
313.000000
325.000000
292.000000
337.000000
383.000000
358.000000
314.000000
311.000000
333.000000
297.000000
299.000000
293.000000
279.000000
