9996
9815
9778
9611
9764
9841
9730
9570
9617
9509
9734
9932
9548
9784
9759
9869
9626
9839
9874
9793
9752
9728
9716
9801
9699
9649
9547
9702
9552
9704
9590
9764
9822
9562
9784
9871
9644
9833
9659
9583
9599
9814
9984
9637
9671
9816
9585
9681
9830
9676
9770
9599
9615
9645
9588
9688
9938
9681
9791
9794
9730
9747
9638
9784
9670
9854
9658
9698
9601
9499
9562
9692
9746
9600
9779
9634
10065
9912
9673
9820
9625
9801
9949
9904
9553
9869
9875
9833
9590
9735
9617
9623
9543
9639
9742
9992
9466
9705
9736
9565
